296.56603 -22.00189 34.3017931290926 2458935.500000000
296.80234 -22.02107 33.8162242526738 2458965.500000000
296.58477 -22.11702 33.3806070766369 2458995.500000000
296.00492 -22.26899 33.1112020564303 2459025.500000000
295.25520 -22.43925 33.0825591248071 2459055.500000000
294.57993 -22.58631 33.3080978930871 2459085.500000000
294.20400 -22.67784 33.7357234668575 2459115.500000000
294.26688 -22.69785 34.2605550011544 2459145.500000000
294.78749 -22.64732 34.7516600715679 2459175.500000000
295.66656 -22.54211 35.0862493411580 2459205.500000000
296.71886 -22.41078 35.1825701728396 2459235.500000000
297.72198 -22.29049 35.0217637883057 2459265.500000000
298.46829 -22.21884 34.6519137054998 2459295.500000000
298.81099 -22.22307 34.1740417794428 2459325.500000000
298.69914 -22.31013 33.7155114317550 2459355.500000000
298.19593 -22.46208 33.3982908601319 2459385.500000000
297.47098 -22.64085 33.3089680475324 2459415.500000000
296.75996 -22.80146 33.4766627077122 2459445.500000000
296.29770 -22.90675 33.8644819370946 2459475.500000000
296.24824 -22.93640 34.3779836937499 2459505.500000000
296.66032 -22.88894 34.8892242870685 2459535.500000000
297.46119 -22.77984 35.2701720079511 2459565.500000000
298.48315 -22.63817 35.4268575710866 2459595.500000000
299.50934 -22.50229 35.3246705060801 2459625.500000000
300.32588 -22.41240 34.9967923395497 2459655.500000000
300.76963 -22.39955 34.5338177636871 2459685.500000000
300.76512 -22.47489 34.0594454477836 2459715.500000000
300.34709 -22.62397 33.6996009127305 2459745.500000000
299.66048 -22.80961 33.5515954058959 2459775.500000000
298.92854 -22.98400 33.6595541870017 2459805.500000000
298.39117 -23.10480 34.0022103822307 2459835.500000000
298.23376 -23.14685 34.4971147747805 2459865.500000000
298.53455 -23.10549 35.0212309978980 2459895.500000000
299.24863 -22.99480 35.4431015815179 2459925.500000000
300.22792 -22.84415 35.6580035070105 2459955.500000000
301.26411 -22.69318 35.6160973847120 2459985.500000000
302.13996 -22.58430 35.3350795920387 2460015.500000000
302.67809 -22.55235 34.8938990773831 2460045.500000000
302.78061 -22.61322 34.4109726250336 2460075.500000000
302.45477 -22.75650 34.0142954971980 2460105.500000000
301.81914 -22.94673 33.8103576583088 2460135.500000000
301.08084 -23.13437 33.8576014824402 2460165.500000000
300.48065 -23.27213 34.1505671223572 2460195.500000000
300.22161 -23.32914 34.6199421708070 2460225.500000000
300.41003 -23.29678 35.1495548355282 2460255.500000000
301.03001 -23.18722 35.6064751693877 2460285.500000000
301.95535 -23.02943 35.8766243435191 2460315.500000000
302.98864 -22.86409 35.8956907342788 2460345.500000000
303.91206 -22.73597 35.6657198173616 2460375.500000000
304.53683 -22.68341 35.2528643343643 2460405.500000000
304.74441 -22.72708 34.7686566423329 2460435.500000000
304.51569 -22.86146 34.3414715192814 2460465.500000000
303.94246 -23.05374 34.0852973750217 2460495.500000000
303.21242 -23.25337 34.0717930528577 2460525.500000000
302.56250 -23.40877 34.3113435238841 2460555.500000000
302.20983 -23.48314 34.7487580663035 2460585.500000000
302.28684 -23.46274 35.2763809411472 2460615.500000000
302.80677 -23.35708 35.7618957563682 2460645.500000000
303.66755 -23.19442 36.0836145290517 2460675.500000000
304.68547 -23.01598 36.1635450888047 2460705.500000000
305.64452 -22.86858 35.9880146695712 2460735.500000000
