Pluto's Data.
Date_________JDUT     R.A.___(ICRF)___DEC             delta      deldot     S-O-T /r     S-T-O  Sky_motion  Sky_mot_PA  RelVel-ANG  Lun_Sky_Brt  sky_SNR
********************************************************************************************************************************************************
$$SOE
2458935.500000000     296.56603 -22.00189  34.3017931290926 -26.9561005   72.0115 /L    1.5984   0.0359582   87.285014   -61.05325         n.a.     n.a.
2458965.500000000     296.80234 -22.02107  33.8162242526738 -27.8462713  101.2333 /L    1.6642   0.0048930   176.32374   -85.89173         n.a.     n.a.
2458995.500000000     296.58477 -22.11702  33.3806070766369 -21.3098354  130.4289 /L    1.3023   0.0344939   251.73254   -56.85098         n.a.     n.a.
2459025.500000000     296.00492 -22.26899  33.1112020564303  -9.0322697  159.6575 /L    0.6003   0.0560513   255.34446   -21.93484         n.a.     n.a.
2459055.500000000     295.25520 -22.43925  33.0825591248071   5.8750828  170.9379 /T    0.2628   0.0596500   256.56199   13.831081         n.a.     n.a.
2459085.500000000     294.57993 -22.58631  33.3080978930871  19.6520685  141.5698 /T    1.0507   0.0441601   256.47739   47.861332         n.a.     n.a.
2459115.500000000     294.20400 -22.67784  33.7357234668575  28.7034781  112.0868 /T    1.5584   0.0139431   249.78339   78.795219         n.a.     n.a.
2459145.500000000     294.26688 -22.69785  34.2605550011544  30.6008799   82.5305 /T    1.6554   0.0231245   86.458773   72.622128         n.a.     n.a.
2459175.500000000     294.78749 -22.64732  34.7516600715679  24.8518455   52.9198 /T    1.3241   0.0561901   82.875019   46.473553         n.a.     n.a.
2459205.500000000     295.66656 -22.54211  35.0862493411580  12.9483383   23.3050 /T    0.6566   0.0777289   82.268968   21.439138         n.a.     n.a.
2459235.500000000     296.71886 -22.41078  35.1825701728396  -2.0205669    6.4258 /L    0.1797   0.0828400   82.264620   -3.288241         n.a.     n.a.
2459265.500000000     297.72198 -22.29049  35.0217637883057 -16.0946904   35.7984 /L    0.9645   0.0703462   82.929661   -28.39263         n.a.     n.a.
2459295.500000000     298.46829 -22.21884  34.6519137054998 -25.6183609   65.1129 /L    1.5109   0.0433715   85.827611   -54.65903         n.a.     n.a.
2459325.500000000     298.81099 -22.22307  34.1740417794428 -28.2706394   94.3181 /L    1.6771   0.0096756   113.89120   -81.95287         n.a.     n.a.
2459355.500000000     298.69914 -22.31013  33.7155114317550 -23.4450651  123.4808 /L    1.4147   0.0272725   247.58743   -64.63584         n.a.     n.a.
2459385.500000000     298.19593 -22.46208  33.3982908601319 -12.3100520  152.6661 /L    0.7850   0.0521083   253.88313   -30.33846         n.a.     n.a.
2459415.500000000     297.47098 -22.64085  33.3089680475324   2.3213483  177.4489 /T    0.0709   0.0602700   255.67052   5.4587406         n.a.     n.a.
2459445.500000000     296.75996 -22.80146  33.4766627077122  16.6909336  148.5528 /T    0.8755   0.0490586   256.33400   40.053132         n.a.     n.a.
2459475.500000000     296.29770 -22.90675  33.8644819370946  27.1251751  119.0795 /T    1.4609   0.0218311   254.70604   71.765007         n.a.     n.a.
2459505.500000000     296.24824 -22.93640  34.3779836937499  30.8758072   89.5153 /T    1.6597   0.0140981   86.555195   79.256132         n.a.     n.a.
2459535.500000000     296.66032 -22.88894  34.8892242870685  26.8644758   59.8917 /T    1.4266   0.0487330   81.848389   52.581407         n.a.     n.a.
2459565.500000000     297.46119 -22.77984  35.2701720079511  16.1462318   30.2639 /T    0.8295   0.0734435   81.284823   27.274288         n.a.     n.a.
2459595.500000000     298.48315 -22.63817  35.4268575710866   1.5810779    1.8510 /T    0.0543   0.0824749   81.429263   2.5574582         n.a.     n.a.
2459625.500000000     299.50934 -22.50229  35.3246705060801 -13.0323218   28.9365 /L    0.7903   0.0741287   82.226044   -22.38258         n.a.     n.a.
2459655.500000000     300.32588 -22.41240  34.9967923395497 -23.9136855   58.2465 /L    1.4036   0.0503853   84.611298   -48.29004         n.a.     n.a.
2459685.500000000     300.76963 -22.39955  34.5338177636871 -28.3006089   87.4410 /L    1.6653   0.0173498   98.498926   -75.64540         n.a.     n.a.
2459715.500000000     300.76512 -22.47489  34.0594454477836 -25.1797735  116.5751 /L    1.5040   0.0200025   240.59906   -71.88975         n.a.     n.a.
2459745.500000000     300.34709 -22.62397  33.6996009127305 -15.3762398  145.7184 /L    0.9543   0.0471880   251.90184   -38.65967         n.a.     n.a.
2459775.500000000     299.66048 -22.80961  33.5515954058959  -1.2835786  174.6090 /L    0.1641   0.0597200   254.72134   -3.039141         n.a.     n.a.
2459805.500000000     298.92854 -22.98400  33.6595541870017  13.5321926  155.4789 /T    0.6909   0.0531694   255.91887   32.023619         n.a.     n.a.
2459835.500000000     298.39117 -23.10480  34.0022103822307  25.1985525  126.0424 /T    1.3434   0.0291993   255.98208   64.532349         n.a.     n.a.
2459865.500000000     298.23376 -23.14685  34.4971147747805  30.6773955   96.4794 /T    1.6395   0.0052753   88.806579   85.898515         n.a.     n.a.
2459895.500000000     298.53455 -23.10549  35.0212309978980  28.5050831   66.8460 /T    1.5069   0.0406880   80.499382   58.856467         n.a.     n.a.
2459925.500000000     299.24863 -22.99480  35.4431015815179  19.1678657   37.2034 /T    0.9877   0.0683228   80.329007   33.214666         n.a.     n.a.
2459955.500000000     300.22792 -22.84415  35.6580035070105   5.1460551    7.8387 /T    0.2260   0.0813358   80.541775   8.3450334         n.a.     n.a.
2459985.500000000     301.26411 -22.69318  35.6160973847120  -9.8005613   22.1307 /L    0.6093   0.0769273   81.355841   -16.48950         n.a.     n.a.
2460015.500000000     302.13996 -22.58430  35.3350795920387 -21.8208145   51.4155 /L    1.2787   0.0566022   83.597708   -42.07057         n.a.     n.a.
2460045.500000000     302.67809 -22.55235  34.8938990773831 -27.9162120   80.5972 /L    1.6301   0.0253756   92.437763   -69.02301         n.a.     n.a.
2460075.500000000     302.78061 -22.61322  34.4109726250336 -26.5741204  109.7024 /L    1.5697   0.0128949   226.87080   -78.58883         n.a.     n.a.
2460105.500000000     302.45477 -22.75650  34.0142954971980 -18.1628562  138.8030 /L    1.1063   0.0417544   249.45566   -46.61532         n.a.     n.a.
2460135.500000000     301.81914 -22.94673  33.8103576583088  -4.8078217  167.8182 /L    0.3592   0.0580717   253.39954   -11.45695         n.a.     n.a.
2460165.500000000     301.08084 -23.13437  33.8576014824402  10.1727922  162.3250 /T    0.5006   0.0561247   255.34890   23.882877         n.a.     n.a.
2460195.500000000     300.48065 -23.27213  34.1505671223572  22.9444116  132.9765 /T    1.2079   0.0360492   256.36205   57.032113         n.a.     n.a.
2460225.500000000     300.22161 -23.32914  34.6199421708070  30.0973618  103.4237 /T    1.5956   0.0034293   252.31425   87.270070         n.a.     n.a.
2460255.500000000     300.41003 -23.29678  35.1495548355282  29.7179330   73.7813 /T    1.5641   0.0325240   78.787275   65.061231         n.a.     n.a.
2460285.500000000     301.03001 -23.18722  35.6064751693877  21.9035712   44.1202 /T    1.1292   0.0624083   79.126134   39.192838         n.a.     n.a.
2460315.500000000     301.95535 -23.02943  35.8766243435191   8.6808984   14.6388 /T    0.4122   0.0791740   79.669240   14.183263         n.a.     n.a.
2460345.500000000     302.98864 -22.86409  35.8956907342788  -6.4395201   15.4278 /L    0.4254   0.0789600   80.499165   -10.65027         n.a.     n.a.
2460375.500000000     303.91206 -22.73597  35.6657198173616 -19.4546686   44.6313 /L    1.1390   0.0620457   82.466843   -36.03100         n.a.     n.a.
2460405.500000000     304.53683 -22.68341  35.2528643343643 -27.0931322   73.7964 /L    1.5727   0.0329492   89.101048   -62.60548         n.a.     n.a.
2460435.500000000     304.74441 -22.72708  34.7686566423329 -27.5407591  102.8720 /L    1.6115   0.0077831   188.77622   -83.22663         n.a.     n.a.
2460465.500000000     304.51569 -22.86146  34.3414715192814 -20.6821926  131.9289 /L    1.2391   0.0356282   246.42580   -54.43281         n.a.     n.a.
2460495.500000000     303.94246 -23.05374  34.0852973750217  -8.1980023  160.9478 /L    0.5485   0.0556035   251.93270   -19.69396         n.a.     n.a.
2460525.500000000     303.21242 -23.25337  34.0717930528577   6.7474907  168.9747 /T    0.3113   0.0579885   254.39096   15.771211         n.a.     n.a.
2460555.500000000     302.56250 -23.40877  34.3113435238841  20.3521752  139.8660 /T    1.0571   0.0419032   256.22050   49.503124         n.a.     n.a.
2460585.500000000     302.20983 -23.48314  34.7487580663035  29.0835439  110.3398 /T    1.5291   0.0117942   258.72915   80.333148         n.a.     n.a.
2460615.500000000     302.28684 -23.46274  35.2763809411472  30.5480438   80.6966 /T    1.5978   0.0241055   76.724819   71.402550         n.a.     n.a.
2460645.500000000     302.80677 -23.35708  35.7618957563682  24.3070690   51.0209 /T    1.2523   0.0560472   77.802241   45.091134         n.a.     n.a.
2460675.500000000     303.66755 -23.19442  36.0836145290517  12.0570500   21.4794 /T    0.5909   0.0760784   78.598410   19.963658         n.a.     n.a.
2460705.500000000     304.68547 -23.01598  36.1635450888047  -2.9516537    8.9774 /L    0.2457   0.0798758   79.648991   -4.837630         n.a.     n.a.
2460735.500000000     305.64452 -22.86858  35.9880146695712 -16.7954208   37.8892 /L    0.9866   0.0668101   81.479950   -30.02643         n.a.     n.a.
$$EOE
********************************************************************************************************************************************************